                                          POR        JAN   FEB   MAR   APR   MAY   JUN   JUL   AUG   SEP   OCT   NOV   DEC   ANN
13876BIRMINGHAM,AL                   193001-202012    81    83    89    92    99   106   107   105   102   101    88    80   107
03856HUNTSVILLE,AL                   195809-202012    77    83    88    92    96   106   105   105   101   100    88    79   106
13894MOBILE,AL                       194801-202012    84    84    89    94   100   103   104   105   100    98    88    81   105
13895MONTGOMERY,AL                   194801-202012    83    86    89    94    98   105   105   106   103   102    91    85   106
26451ANCHORAGE,AK                    195206-202012    50    49    53    69    77    85    90    82    73    64    54    51    90
25308ANNETTE,AK                      194102-201909    61    65    65    82    88    93    90    90    82    71    67    62    93
27502BARROW,AK                       190109-202012    36    36    34    42    47    73    79    76    62    44    39    34    79
26615BETHEL,AK                       192308-202012    49    51    53    63    80    90    89    87    76    65    60    49    90
26533BETTLES,AK                      195105-202012    42    40    49    66    86    92    93    88    79    59    45    38    93
26415BIG DELTA,AK                    191706-202012    54    51    58    72    90    92    91    90    79    74    52    55    92
25624COLD BAY,AK                     195003-202012    51    54    56    58    68    72    77    75    70    69    59    54    77
26411FAIRBANKS,AK                    192912-202012    52    50    56    76    90    96    94    93    84    72    54    58    96
26425GULKANA,AK                      190908-202012    52    46    54    70    85    90    97    88    76    69    48    49    97
25507HOMER,AK                        193209-202012    57    53    54    65    72    80    81    78    69    64    58    52    81
25309JUNEAU,AK                       193609-202012    60    57    61    74    80    86    90    84    78    63    56    54    90
25503KING SALMON,AK                  194203-202012    53    57    56    69    85    88    89    84    76    67    56    54    89
25501KODIAK,AK                       194901-202012    54    56    57    69    80    86    83    86    76    62    59    56    86
26616KOTZEBUE,AK                     189710-202012    40    40    42    49    74    85    85    80    69    57    40    37    85
26510MCGRATH,AK                      194106-202012    54    55    55    68    86    94    89    89    76    67    50    49    94
26617NOME,AK                         190009-202012    51    48    44    60    78    86    86    83    71    59    50    43    86
25713ST. PAUL ISLAND,AK              194901-202005    44    42    50    49    59    62    65    66    61    53    48    44    66
26528TALKEETNA,AK                    191807-202012    47    52    55    77    87    96    93    89    78    68    52    49    96
26442VALDEZ,AK                       191705-201402    55    59    57    69    79    90    85    83    74    69    59    54    90
25339YAKUTAT,AK                      191704-202012    58    56    60    71    80    87    85    88    77    66    59    61    88
03103FLAGSTAFF,AZ                    189311-202012    66    71    73    83    93    96    99    95    91    85    74    68    99
23183PHOENIX,AZ                      193306-202012    88    92   100   105   113   122   121   117   118   107    99    88   122
23160TUCSON,AZ                       194606-202012    87    92    99   104   109   117   114   112   110   103    94    84   117
23194WINSLOW,AZ                      189810-202012    75    83    87    94   103   108   109   104   103    93    82    74   109
13964FORT SMITH,AR                   194510-202012    81    88    94    96    98   106   111   115   109    96    87    82   115
13963LITTLE ROCK,AR                  193804-202012    83    85    91    95    98   107   112   114   106    98    86    81   114
23155BAKERSFIELD,CA                  193710-202012    82    87    94   101   107   114   115   112   112   103    94    83   115
23157BISHOP,CA                       189502-202012    77    81    87    94   104   109   110   108   107    97    89    81   110
23225BLUE CANYON,CA                  194312-202012    76    73    72    82    88    92    95    97    93    88    78    75    97
93193FRESNO,CA                       194801-202012    78    83    91   100   107   110   113   112   111   102    90    77   113
23129LONG BEACH,CA                   194901-202012    93    92    98   105   104   109   109   105   111   111   101    92   111
93134LOS ANGELES,CA                  190604-202012    95    95    98   106   102   112   108   105   113   108   100    92   113
24257REDDING,CA                      198609-202012    80    83    88    96   106   117   118   115   116   106    89    78   118
23232SACRAMENTO,CA                   194112-202012    76    78    88    95   105   115   114   112   109   104    87    74   115
23188SAN DIEGO,CA                    193907-202012    88    90    93    98    97   101    99    98   111   107   100    88   111
23272SAN FRANCISCO,CA                192101-202012    79    81    87    94    97   103    99    98   106   102    86    76   106
23190SANTA BARBARA,CA                194101-202012    86    87    94    96   101   109   109   105   104   103    97    89   109
23273SANTA MARIA,CA                  194801-202012    89    89    95   103   105   110   104   104   106   108    96    90   110
23237STOCKTON,CA                     194810-202012    75    79    87   100   107   111   115   113   111   101    85    76   115
23061ALAMOSA,CO                      194801-202012    63    66    76    80    90    95    96    92    89    81    71    63    96
93037COLORADO SPRINGS,CO             194804-202012    73    77    81    87    94   101   100    99    97    87    78    77   101
23062DENVER,CO                       194801-202012    74    83    84    90    96   104   104   102    99    89    81    75   104
23066GRAND JUNCTION,CO               190001-202012    62    70    81    89   101   105   106   103   100    88    76    66   106
93058PUEBLO,CO                       195407-202012    81    82    86    94   102   108   109   105   103    94    85    82   109
94702BRIDGEPORT,CT                   194807-202012    69    67    84    91    97    97   103   100    99    89    78    76   103
14740HARTFORD,CT                     194901-202012    72    77    89    96    99   101   103   102   101    91    83    76   103
13781WILMINGTON,DE                   194801-202012    75    78    86    94    96   100   103   101   100    98    85    75   103
93738WASHINGTON DULLES,DC            196112-202012    75    80    89    93    97   102   105   104    99    96    84    79   105
13743WASHINGTON NAT'L,DC             194507-202012    79    82    89    95    99   104   105   105   101    98    86    79   105
12834DAYTONA BEACH,FL                193701-202012    92    89    92    96   100   102   102   101    99    95    90    88   102
12835FORT MYERS,FL                   189201-202012    88    92    94    96    99   103   101   100    98    95    95    91   103
12816GAINESVILLE,FL                  196006-202012    85    91    93    96   102   103    99   100    97    93    91    86   103
13889JACKSONVILLE,FL                 193804-202012    85    89    94    95   102   103   105   102   100    96    89    85   105
12836KEY WEST,FL                     194801-202012    86    85    88    90    94    94    95    95    95    93    89    88    95
12839MIAMI,FL                        194801-202012    88    89    93    97    98    98    98    98    97    95    91    89    98
12815ORLANDO,FL                      195206-202012    87    89    93    97   100   100   101   100    98    95    91    90   101
13899PENSACOLA,FL                    194807-202012    81    82    90    96   102   102   106   104   102    97    89    81   106
93805TALLAHASSEE,FL                  194003-202012    83    89    91    95   102   105   103   103   101    97    89    84   105
12842TAMPA,FL                        193902-202012    86    89    91    96    98    99    98    98    96    95    92    86    99
12843VERO BEACH,FL                   194211-202012    88    90    93    97    99   102    99    98    97    94    92    89   102
12844WEST PALM BEACH,FL              193807-202012    89    90    95    99    97    98   101    99    96    95    91    90   101
13873ATHENS,GA                       194406-202012    80    83    89    93    98   109   108   107    99   100    86    79   109
13874ATLANTA,GA                      193001-202012    79    80    89    93    97   106   105   104    99    98    84    79   106
03820AUGUSTA,GA                      194404-202012    83    86    91    96   101   106   107   108   102   101    90    84   108
93842COLUMBUS,GA                     194801-202012    83    84    89    94    97   106   105   104   101   101    86    82   106
03813MACON,GA                        194812-202012    84    85    90    96   100   108   108   105   103   103    88    82   108
03822SAVANNAH,GA                     194801-202012    84    87    91    95   102   104   105   104    99    97    89    83   105
21504HILO,HI                         194910-202012    92    92    93    89    94    90    93    93    93    91    94    93    94
22521HONOLULU,HI                     194006-202012    88    88    89    91    93    92    94    95    95    94    93    89    95
22516KAHULUI,HI                      195404-202012    90    90    90    91    96    95    97    97    97    96    96    90    97
22536LIHUE,HI                        195002-202012    86    89    88    88    89    89    89    91    91    91    89    87    91
24131BOISE,ID                        194001-202012    63    71    81    92    99   110   111   110   102    94    78    65   111
24149LEWISTON,ID                     194801-202012    66    72    78    97   100   111   110   115   103    89    77    66   115
24156POCATELLO,ID                    193901-202012    61    65    75    86    97   103   104   104   100    91    75    64   104
94846CHICAGO,IL                      195811-202012    65    72    88    91    97   104   104   101    99    91    78    71   104
14923MOLINE,IL                       194306-202012    69    74    88    93    99   104   104   103    99    95    80    71   104
14842PEORIA,IL                       194305-202012    70    74    86    92    97   105   104   103   100    93    81    71   105
94822ROCKFORD,IL                     195101-202012    63    70    85    91    99   101   105   104   102    90    77    69   105
93822SPRINGFIELD,IL                  190101-202012    73    78    91    90   101   104   112   108   102    93    83    74   112
93817EVANSVILLE,IN                   194801-202012    74    79    84    91    95   107   107   104   103    96    86    77   107
14827FORT WAYNE,IN                   193908-202012    69    73    87    88    97   106   103   101   101    90    79    71   106
93819INDIANAPOLIS,IN                 194801-202012    71    77    85    89    95   104   105   102   100    92    81    74   105
14848SOUTH BEND,IN                   189312-202012    68    74    85    91    97   106   109   105    99    92    82    70   109
14933DES MOINES,IA                   194507-202012    67    75    91    93    99   103   106   108   101    95    81    69   108
94908DUBUQUE,IA                      195102-202012    60    71    85    93    95   100   101   100    97    90    75    67   101
14943SIOUX CITY,IA                   194801-202012    71    73    91    97   106   108   108   104   103    94    82    70   108
94910WATERLOO,IA                     195003-202012    65    69    87   100    97   103   105   105    99    95    80    67   105
13984CONCORDIA,KS                    188505-202012    78    86    97   100   102   109   114   116   112   102    85    82   116
13985DODGE CITY,KS                   194801-202012    80    88    94   100   106   111   109   108   107   101    91    86   111
23065GOODLAND,KS                     189507-202012    79    87    90    96   104   110   111   108   105    96    87    83   111
13996TOPEKA,KS                       194608-202012    78    84    89    97    97   107   110   112   110    96    85    74   112
03928WICHITA,KS                      195312-202012    75    87    89    96   102   110   113   111   108    97    86    83   113
03889JACKSON,KY                      198101-202012    78    80    87    92    91   104   101   101    98    97    84    79   104
93820LEXINGTON,KY                    187211-202012    80    80    86    91    96   104   108   105   103    97    83    75   108
93821LOUISVILLE,KY                   194801-202012    77    82    86    91    95   105   106   105   104    97    85    76   106
03816PADUCAH,KY                      194909-202012    75    78    85    90    96   108   107   105   104    96    85    77   108
13970BATON ROUGE,LA                  193001-202012    85    87    91    93    98   103   102   105   104    97    89    85   105
03937LAKE CHARLES,LA                 196111-202012    82    83    90    95    99   103   102   107   105    96    88    82   107
12916NEW ORLEANS,LA                  194801-202012    83    85    89    92    97   101   101   102   101    97    88    85   102
13957SHREVEPORT,LA                   193907-202012    85    89    92    94   102   104   108   109   109    98    88    84   109
14607CARIBOU,ME                      193902-202012    53    59    75    86    96    96    95    95    92    82    75    60    96
14764PORTLAND,ME                     194012-202012    67    68    88    92    94    98   100   103    95    88    74    71   103
93721BALTIMORE,MD                    193907-202012    75    79    89    94   100   103   106   105   100    99    86    77   106
14753BLUE HILL,MA                    189301-202012    68    71    89    94    96    99   100   101    99    88    81    74   101
14739BOSTON,MA                       193601-202012    74    73    89    94    96   100   103   102   100    90    83    76   103
94746WORCESTER,MA                    194806-202012    67    71    84    91    94    98    96    98    99    85    79    72    99
94849ALPENA,MI                       191611-202011    62    65    87    90    94   104   106   102    99    90    77    65   106
94847DETROIT,MI                      195812-202012    64    70    86    89    95   104   102   100    98    91    78    69   104
14826FLINT,MI                        194805-202012    65    68    86    87    93   101   101    98    97    89    80    70   101
94860GRAND RAPIDS,MI                 196312-202012    63    69    87    88    94    98   104   100    96    88    77    69   104
94814HOUGHTON LAKE,MI                196407-202011    54    59    85    86    91   103    98    96    92    85    73    64   103
14836LANSING,MI                      194801-202012    66    69    86    86    94    99   103   100    97    89    79    69   103
14840MUSKEGON,MI                     189606-202012    63    67    82    86    96    98    99    99    95    86    76    66    99
14847SAULT STE. MARIE,MI             193101-202011    47    49    83    85    90    93    97    98    95    81    75    62    98
14913DULUTH,MN                       194801-202012    48    55    75    88    92    94    97    95    95    86    75    55    97
14918INTERNATIONAL FALLS,MN          190607-202012    49    58    79    93    95   101   103    96    96    88    74    56   103
14922MINNEAPOLIS-ST.PAUL,MN          193805-202012    58    63    83    95   100   103   105   102    98    90    77    68   105
14925ROCHESTER,MN                    189303-202012    58    63    82    92   106   105   108   100   100    93    77    64   108
14926SAINT CLOUD,MN                  193911-202012    56    59    79    96    98   102   103   103    98    90    76    64   103
03940JACKSON,MS                      196308-202012    83    86    89    94    99   105   106   107   104    99    88    84   107
13865MERIDIAN,MS                     194406-202012    83    86    90    95    99   104   107   106   105   102    89    84   107
93862TUPELO,MS                       196212-202012    80    84    89    93    98   106   105   107   104    99    88    79   107
03945COLUMBIA,MO                     196911-202012    77    82    85    90    94   107   111   110   101    94    83    76   111
03947KANSAS CITY,MO                  197210-202012    74    79    87    93    95   105   107   109   106    95    82    74   109
13994ST. LOUIS,MO                    193804-202012    77    85    89    93    98   108   115   107   104    94    85    76   115
13995SPRINGFIELD,MO                  194008-202012    76    84    87    93    93   101   113   108   104    93    83    77   113
24033BILLINGS,MT                     194801-202012    68    72    80    90    95   105   108   105   103    91    77    69   108
94008GLASGOW,MT                      194801-202012    61    71    79    93   102   108   108   108   103    92    79    62   108
24143GREAT FALLS,MT                  193704-202012    67    70    78    89    93   101   105   106    98    91    76    69   106
94012HAVRE,MT                        196102-202012    68    74    79    91    98   105   106   111   101    90    78    65   111
24144HELENA,MT                       193804-202012    63    69    78    86    93   103   105   105    99    87    76    65   105
24146KALISPELL,MT                    189606-202012    56    64    73    85    95   102   104   105    99    86    69    58   105
24153MISSOULA,MT                     194801-202012    59    66    78    87    95   102   107   105    99    85    73    60   107
14935GRAND ISLAND,NE                 193804-202012    76    80    90    96   102   108   111   110   104    97    85    80   111
14939LINCOLN,NE                      194801-202012    73    77    91    97   100   107   108   107   106    94    85    70   108
14941NORFOLK,NE                      194510-202012    74    76    92    95   103   106   113   107   102    98    83    71   113
24023NORTH PLATTE,NE                 194801-202012    74    79    91    98    99   107   112   108   103    95    87    75   112
14942OMAHA,NE                        194801-202012    69    78    91    97   101   105   110   107   103    95    83    69   110
24028SCOTTSBLUFF,NE                  189301-202012    74    77    87    93   103   106   110   105   105    92    83    77   110
24032VALENTINE,NE                    194801-202012    72    78    87   100    99   110   114   108   106    96    86    74   114
24121ELKO,NV                         189001-202012    65    70    78    88    97   104   107   107   101    92    83    65   107
23154ELY,NV                          189301-202012    68    67    76    83    95    99   101    98    96    86    78    67   101
23169LAS VEGAS,NV                    194810-202012    77    87    92    99   109   117   117   116   114   103    87    77   117
23185RENO,NV                         193703-202012    71    75    83    90    97   104   108   105   102    93    77    71   108
24128WINNEMUCCA,NV                   187707-202012    68    74    82    90   100   106   109   108   104    94    77    70   109
14745CONCORD,NH                      193904-202012    69    74    89    95    97    98   102   101    98    90    80    73   102
14755MT. WASHINGTON,NH               194802-202009    48    48    55    60    66    72    71    72    69    62    52    47    72
93730ATLANTIC CITY,NJ                195807-202012    78    76    87    94    99   106   105   103    99    96    81    77   106
14734NEWARK,NJ                       189301-202012    74    80    89    97    99   102   108   105   105    96    85    76   108
23050ALBUQUERQUE,NM                  193103-202012    69    76    85    89    98   107   105   101   100    91    77    72   107
23051CLAYTON,NM                      189602-202012    80    83    87    92    99   105   105   102    99    93    86    83   105
23009ROSWELL,NM                      194901-202012    82    91    93   102   107   114   111   111   104    99    89    84   114
14735ALBANY,NY                       193806-202012    71    74    89    93    94    99   100    99   100    91    82    72   100
04725BINGHAMTON,NY                   195106-202012    63    70    82    89    89    94    98    95    96    85    77    65    98
14733BUFFALO,NY                      193805-202012    72    71    82    94    93    96    98    99    98    87    80    74    99
04781ISLIP,NY                        196310-202012    69    68    82    94    98    96   104   100    94    89    78    77   104
94728NEW YORK Central Park,NY        186901-202012    72    78    86    96    99   101   106   104   102    94    84    75   106
94789NEW YORK JFK AP,NY              194808-202012    71    71    85    90    99    99   104   101    98    95    77    75   104
14732NEW YORK Laguardia AP,NY        193911-202012    72    79    86    94    97   101   107   104   102    95    83    75   107
14768ROCHESTER,NY                    192601-202012    74    73    84    93    94   100   102    99    99    91    81    72   102
14771SYRACUSE,NY                     193805-202012    70    75    87    92    96    98   101   101    98    88    81    72   101
03812ASHEVILLE,NC                    194601-202012    80    79    85    89    93    99   101   100    98    91    81    81   101
93729CAPE HATTERAS,NC                195703-202012    75    76    81    89    91    95    96    94    93    92    81    78    96
13881CHARLOTTE,NC                    193907-202012    79    82    90    93   100   104   104   104   104    99    85    80   104
13723GREENSBORO-WNSTN-SALM-HGHPT,NC  192811-202012    78    81    90    94    98   102   102   103   100    95    85    78   103
13722RALEIGH,NC                      194406-202012    80    84    92    95    97   105   105   105   104   100    88    81   105
13748WILMINGTON,NC                   194801-202012    82    85    89    95   101   104   102   103    98    98    87    82   104
24011BISMARCK,ND                     194801-202012    63    73    81    93    96   111   112   107   105    95    79    65   112
14914FARGO,ND                        189106-202012    55    66    78   100    98   100   106   106   102    97    74    57   106
14916GRAND FORKS,ND                  194104-202012    52    67    80   100   101   100   104   104   103    92    75    56   104
94014WILLISTON,ND                    189401-201911    58    66    84    92   106   108   110   108   104    93    76    63   110
14895AKRON,OH                        194807-202012    70    76    83    88    93   100   101    98    99    91    80    76   101
93814CINCINNATI,OH                   194801-202012    74    79    84    89    93   102   104   102   102    95    82    75   104
14820CLEVELAND,OH                    193805-202012    73    77    83    88    93   104   103   102   101    93    82    77   104
14821COLUMBUS,OH                     194801-202012    74    78    85    89    93   101   104   101   100    94    80    76   104
93815DAYTON,OH                       194801-202012    71    76    86    89    93   102   102   102   101    94    80    72   102
14891MANSFIELD,OH                    194812-202012    69    74    84    86    92   101   100    97    97    90    79    73   101
94830TOLEDO,OH                       195501-202012    66    71    85    88    98   104   104    99    98    91    80    70   104
14852YOUNGSTOWN,OH                   193408-202012    71    75    82    90    95    99   103    97    99    88    80    76   103
13967OKLAHOMA CITY,OK                194801-202012    80    92    93   100   104   105   110   113   108    96    87    86   113
13968TULSA,OK                        193812-202012    80    90    96   102    97   106   112   113   109    98    88    80   113
94224ASTORIA,OR                      195302-202012    67    72    77    85    93    93   100    98    95    85    73    64   100
94185BURNS,OR                        197503-202012    57    64    76    84    94   102   107   103   102    91    75    57   107
24221EUGENE,OR                       193806-202012    68    72    78    86    95   102   106   108   103    94    76    68   108
24225MEDFORD,OR                      192801-202012    71    79    86    93   103   111   115   114   110    99    80    72   115
24155PENDLETON,OR                    192801-202012    71    75    80    95   102   109   114   113   104    93    80    68   114
24229PORTLAND,OR                     193804-202012    66    71    80    90   100   102   107   107   105    92    73    65   107
24232SALEM,OR                        189301-202012    68    72    80    93   100   105   108   108   104    93    74    72   108
24235SEXTON SUMMIT,OR                194801-202012    66    67    74    81    91    95    96    97    97    88    77    66    97
14737ALLENTOWN,PA                    194801-202012    72    81    87    93    97   100   105   100    99    93    81    72   105
14860ERIE,PA                         192601-202012    72    77    82    89    90   100    99    94    99    89    81    75   100
14711MIDDLETOWN/HARRISBURG,PA        194101-202012    75    79    87    93    96   101   103   102   101    93    82    75   103
13739PHILADELPHIA,PA                 194007-202012    74    77    87    95    97   100   104   101   100    96    84    73   104
94823PITTSBURGH,PA                   194801-202012    75    78    83    89    91    98   103   100    97    89    82    74   103
14777AVOCA,PA                        194901-202012    68    76    85    93    93    97   101    98   101    88    80    71   101
14778WILLIAMSPORT,PA                 194805-202012    69    76    87    94    96   102   103   100   102    91    83    70   103
14765PROVIDENCE,RI                   194801-202012    70    72    85    98    96    97   102   104   100    88    81    77   104
13782CHARLESTON,SC                   189301-202012    82    83    94    94   100   104   103   103   100    95    87    81   104
13883COLUMBIA,SC                     194801-202012    84    84    91    94   101   109   107   107   101   101    90    83   109
03870GREENVILLE-SPARTANBURG,SC       196211-202012    79    81    89    93    97   105   107   105    98    98    85    79   107
14929ABERDEEN,SD                     189301-202012    63    70    86    98   110   112   115   112   107    96    79    69   115
14936HURON,SD                        188107-202012    65    71    89    97   106   109   112   110   106   102    86    71   112
24090RAPID CITY,SD                   194805-202012    76    75    84    93    98   109   111   107   104    96    83    75   111
14944SIOUX FALLS,SD                  193201-202012    66    70    88    94   104   110   110   109   104    94    82    63   110
13877BRISTOL-JHNSN CTY-KNGSPRT,TN    193710-202012    79    82    85    90    94   103   102   101   100    94    82    78   103
13882CHATTANOOGA,TN                  193804-202012    78    81    88    93    99   107   107   105   103   100    86    78   107
13891KNOXVILLE,TN                    191002-202012    77    83    88    93    96   105   105   102   103    96    85    80   105
13893MEMPHIS,TN                      194001-202012    79    81    86    94    99   104   108   107   103    98    86    81   108
13897NASHVILLE,TN                    194801-202012    78    84    87    91    95   109   107   106   105    99    88    79   109
03841OAK RIDGE,TN                    194808-202012    76    80    87    92    94   104   105   103   102    94    85    78   105
13962ABILENE,TX                      194801-202012    88    93    97   104   109   109   110   109   107   103    92    89   110
23047AMARILLO,TX                     194707-202012    81    89    94    99   104   111   110   107   103    99    87    81   111
13958AUSTIN,TX                       193806-202012    90    99    98    99   102   109   110   112   112   102    91    90   112
12919BROWNSVILLE,TX                  189812-202012    95    94   106   104   102   104   104   105   105    99    98    94   106
12924CORPUS CHRISTI,TX               194801-202012    92    97   102   103   103   107   103   107   109   101    98    91   109
13960DALLAS,TX                       193908-202012    88    95    97   100   103   112   112   111   110   100    92    89   112
22010DEL RIO,TX                      195105-202012    90    99   101   107   109   112   112   109   110   106    96    91   112
23044EL PASO,TX                      193804-202012    80    85    93    98   105   114   112   108   104    96    87    80   114
12923GALVESTON,TX                    194608-202012    87    81    89    95    93   100    98   100   104    92    85    81   104
12960HOUSTON,TX                      196906-202012    84    91    91    95    99   107   104   109   109    96    89    85   109
23042LUBBOCK,TX                      194701-202012    83    91    95   104   109   114   111   109   104   100    90    82   114
23023MIDLAND-ODESSA,TX               193006-202012    84    92    97   104   108   116   112   113   107   101    90    85   116
12917PORT ARTHUR,TX                  194710-202012    82    88    89    94    98   104   103   108   105    95    89    84   108
23034SAN ANGELO,TX                   190708-202012    91    97    98   107   110   110   111   111   107   102    93    91   111
12921SAN ANTONIO,TX                  194609-202012    89   100   100   101   104   108   107   110   111    99    94    90   111
12912VICTORIA,TX                     195303-202012    88    95    97    98   101   109   107   109   111    99    93    88   111
13959WACO,TX                         194101-202012    90    96   100   101   102   109   114   112   111   101    92    91   114
13966WICHITA FALLS,TX                190701-202012    87    94   100   103   110   117   114   113   111   102    90    88   117
24127SALT LAKE CITY,UT               194801-202012    63    69    80    89    99   105   107   106   100    89    75    69   107
14742BURLINGTON,VT                   194012-202012    66    72    84    91    95   100   100   101    98    85    75    68   101
13733LYNCHBURG,VA                    194408-202012    80    80    88    94    93   103   103   102   101    97    83    79   103
13737NORFOLK,VA                      194601-202012    80    82    88    97   100   101   105   104    99    95    86    82   105
13740RICHMOND,VA                     193903-202012    81    82    91    96   100   104   105   104   103    99    86    81   105
13741ROANOKE,VA                      194801-202012    79    84    87    95    96   104   104   105   101    98    83    80   105
93739WALLOPS ISLAND,VA               196610-202012    79    79    86    93    97   100   102   100    96    93    82    78   102
24227OLYMPIA,WA                      194106-202012    64    73    79    88    96   101   104   104    98    90    74    64   104
94240QUILLAYUTE,WA                   196608-202012    69    73    79    84    92    92    97    99    97    83    69    64    99
24233SEATTLE,WA                      194801-202012    64    70    79    89    93    96   103    99    98    89    74    66   103
24157SPOKANE,WA                      188908-202012    62    63    72    90    97   105   108   108    98    87    70    60   108
24160WALLA WALLA,WA                  194901-202012    70    73    79    96   100   113   114   114   104    89    81    71   114
24243YAKIMA,WA                       194610-202012    68    69    80    92   102   108   109   110   100    91    73    67   110
03872BECKLEY,WV                      196306-202012    73    76    85    86    89    96    94    96    93    91    79    74    96
13866CHARLESTON,WV                   194712-202012    80    81    89    94    94   103   104   104   102    94    85    80   104
13729ELKINS,WV                       192601-202012    76    77    86    89    93    96    99    95    97    90    82    76    99
03860HUNTINGTON,WV                   196101-202012    78    81    87    92    93   103   104   103    98    95    83    80   104
14898GREEN BAY,WI                    188609-202012    56    65    82    89    99   101   104   100    97    88    75    64   104
14920LA CROSSE,WI                    193804-202012    57    65    84    93    98   102   108   105   100    93    77    67   108
14837MADISON,WI                      193910-202011    62    68    83    94    95   101   104   102    99    90    77    65   104
14839MILWAUKEE,WI                    193804-202011    63    71    84    91    95   101   103   103    98    89    77    68   103
24089CASPER,WY                       194808-202012    60    68    77    84    95   102   104   102    98    87    73    63   104
24018CHEYENNE,WY                     191501-202012    70    71    76    84    91   100   100    98    95    84    75    69   100
24021LANDER,WY                       194801-202012    63    68    76    83    93   100   101   101    96    86    70    64   101
24029SHERIDAN,WY                     194801-202012    70    76    80    86    95   105   107   106   103    93    81    72   107
41415GUAM,PC                         195703-202012    90    90    92    93    93    94    94    92    95    93    92    91    95
40309KOROR,PC                        195107-202012    93    94    95    94    94    95    93    94    92    93    93    94    95
40604KWAJALEIN- MARSHALL IS.,PC      195205-202010    91    92    91    92    93    92    94    95    93    97    92    91    97
40710MAJURO- MARSHALL IS,PC          195502-202012    92    91    90    90    90    92    96    91    90    93    93    91    96
61705PAGO PAGO- AMER SAMOA,PC        196604-202011    95    96    95    95    93    95    91    92    92    94    95    94    96
40504POHNPEI- CAROLINE IS.,PC        195107-202012    94    96    94    94    94    94    95    97    96    95    98    95    98
40505CHUUK- E. CAROLINE IS.,PC       195107-202012    94    95    96    94    93    93    93    96    93    92    91    93    96
40308YAP- W CAROLINE IS.,PC          195107-202012    94    96    95    96    96    97    96    95    96    96    94    94    97
11641SAN JUAN,PR                     195601-202012    92    96    96    97    96    97    95    97    97    98    96    94    98
