                                          POR        JAN   FEB   MAR   APR   MAY   JUN   JUL   AUG   SEP   OCT   NOV   DEC   ANN
13876BIRMINGHAM,AL                   193001-202012    -6     3     2    26    36    42    51    51    37    27     5     1    -6
03856HUNTSVILLE,AL                   195809-202012   -11     1     6    25    36    45    53    51    37    28    15    -3   -11
13894MOBILE,AL                       194801-202012     3    11    21    32    43    49    62    59    42    30    22     8     3
13895MONTGOMERY,AL                   194801-202012     0    10    17    28    40    49    59    56    39    26    13     5     0
26451ANCHORAGE,AK                    195204-202012   -34   -28   -24    -4    17    33    36    31    19    -5   -21   -30   -34
25308ANNETTE,AK                      194102-201909    -4     2     1    21    30    37    40    40    30    18    -3     1    -4
27502BARROW,AK                       190109-202012   -53   -56   -52   -42   -19     4    22    20     1   -32   -40   -55   -56
26615BETHEL,AK                       192308-202012   -52   -45   -42   -31    -5    28    30    28    18    -6   -31   -44   -52
26533BETTLES,AK                      195105-202012   -70   -64   -56   -37   -10    27    29    15     0   -35   -57   -60   -70
26415BIG DELTA,AK                    191905-202012   -63   -60   -49   -37    -1    26    32    22    -2   -39   -47   -62   -63
25624COLD BAY,AK                     195003-202012   -13    -6   -13     4    18    27    33    32    26     6     1    -9   -13
26411FAIRBANKS,AK                    192912-202012   -66   -58   -49   -32    -1    29    34    23     3   -28   -46   -62   -66
26425GULKANA,AK                      190705-202012   -60   -65   -48   -42     5    22    29    20     2   -23   -44   -65   -65
25507HOMER,AK                        193209-202012   -24   -19   -21    -9     6    27    34    31    20     0    -7   -16   -24
25309JUNEAU,AK                       193611-202012   -22   -22   -15     6    25    31    36    27    23    11    -5   -21   -22
25503KING SALMON,AK                  194202-202012   -48   -43   -42   -19     4    27    31    25    15   -12   -28   -38   -48
25501KODIAK,AK                       194901-202012   -16   -12    -6     7    20    30    37    34    26    10     0    -3   -16
26616KOTZEBUE,AK                     189710-202012   -55   -52   -58   -44   -18    20    30    26    13   -19   -37   -49   -58
26510MCGRATH,AK                      194106-202012   -75   -64   -51   -40    -2    27    31    25     2   -28   -53   -67   -75
26617NOME,AK                         190009-202012   -54   -42   -46   -30   -11    20    28    23     9   -10   -39   -41   -54
25713ST. PAUL ISLAND,AK              194901-202008   -14   -16   -19    -8     8    16    28    29    22    12     4    -3   -19
26528TALKEETNA,AK                    191807-202012   -48   -46   -43   -37     8    24    26    25    11   -21   -41   -53   -53
26442VALDEZ,AK                       191705-201402   -24   -28   -11     4    13    27    33    29    14     5   -10   -18   -28
25339YAKUTAT,AK                      191704-202012   -22   -20   -20     3     9    29    35    29    16     6   -10   -24   -24
03103FLAGSTAFF,AZ                    189311-202012   -30   -23   -16    -2    14    22    32    24    22    -2   -13   -23   -30
23183PHOENIX,AZ                      193306-202012    17    22    25    34    40    50    61    60    47    34    25    22    17
23160TUCSON,AZ                       194606-202012    16    18    20    33    38    47    59    61    44    26    23    16    16
23194WINSLOW,AZ                      189810-202012   -18    -9    -2    14    23    29    42    41    29     7    -9   -19   -19
13964FORT SMITH,AR                   194510-202012   -10    -9     7    22    35    47    50    51    33    22     8    -5   -10
13963LITTLE ROCK,AR                  193804-202012    -4    -5    11    28    38    46    54    52    37    28    17    -1    -5
23155BAKERSFIELD,CA                  193710-202012    20    25    31    33    37    44    52    52    45    29    28    19    19
23157BISHOP,CA                       189502-202012   -15    -2     9    15    20    25    34    34    25    13     5    -9   -15
23225BLUE CANYON,CA                  194312-202012     5     6     9    17    21    28    36    35    27    17    13     3     3
93193FRESNO,CA                       194801-202012    18    24    26    32    36    44    50    49    37    27    26    18    18
23129LONG BEACH,CA                   194901-202012    25    33    33    38    40    47    51    51    50    39    34    28    25
93134LOS ANGELES,CA                  190604-202012    28    29    35    39    43    49    53    51    50    41    38    30    28
24257REDDING,CA                      198609-202012    16    21    28    28    34    42    53    50    40    30    22    16    16
23232SACRAMENTO,CA                   194112-202012    20    23    26    31    34    41    48    48    42    35    26    18    18
23188SAN DIEGO,CA                    193907-202012    29    36    39    41    48    50    55    57    51    43    38    34    29
23272SAN FRANCISCO,CA                192101-202012    30    31    35    40    43    47    47    48    48    43    39    27    27
23190SANTA BARBARA,CA                194102-202012    24    25    30    33    38    41    45    43    42    31    30    20    20
23273SANTA MARIA,CA                  194801-202012    20    22    24    31    31    36    43    43    36    26    25    20    20
23237STOCKTON,CA                     194810-202012    16    22    27    32    36    45    49    47    42    33    25    17    16
23061ALAMOSA,CO                      194801-202012   -50   -35   -14    -6    11    24    28    29    15    -9   -30   -42   -50
93037COLORADO SPRINGS,CO             194804-202012   -26   -27   -11    -3    21    32    42    39    22     1    -8   -24   -27
23062DENVER,CO                       194801-202012   -25   -25   -10    -2    22    30    43    41    17     3   -10   -25   -25
23066GRAND JUNCTION,CO               190001-202012   -23   -21     5    11    24    34    44    43    28     6    -4   -21   -23
93058PUEBLO,CO                       195407-202012   -28   -26   -10     2    23    35    44    40    21    -8   -14   -28   -28
94702BRIDGEPORT,CT                   194807-202012    -7    -6     4    18    31    41    49    44    36    26    13    -4    -7
14740HARTFORD,CT                     194901-202012   -26   -21    -8     9    28    37    44    36    27    17     1   -14   -26
13781WILMINGTON,DE                   194801-202012   -14    -6     2    18    30    41    48    43    36    24    14    -7   -14
93738WASHINGTON DULLES,DC            196112-202012   -18   -14    -1    17    28    36    41    38    30    15     9    -4   -18
13743WASHINGTON NAT'L,DC             194507-202012    -5     4    14    24    34    47    54    49    39    29    16     3    -5
12834DAYTONA BEACH,FL                193701-202012    15    24    26    32    40    52    60    63    52    39    25    19    15
12835FORT MYERS,FL                   189201-202012    27    30    33    39    50    58    66    65    63    45    34    24    24
12816GAINESVILLE,FL                  196006-202012    10    18    25    32    42    50    61    61    48    32    24    13    10
13889JACKSONVILLE,FL                 193804-202012     7    19    23    31    45    47    61    63    48    33    21    11     7
12836KEY WEST,FL                     194801-202012    41    45    47    48    63    68    69    68    69    60    49    44    41
12839MIAMI,FL                        194801-202012    30    35    32    42    55    60    69    68    68    53    39    30    30
12815ORLANDO,FL                      195206-202012    19    26    25    38    48    53    64    65    57    43    32    20    19
13899PENSACOLA,FL                    194807-202012     5    13    22    33    45    56    61    60    43    32    22    11     5
93805TALLAHASSEE,FL                  194003-202012     6    14    20    29    34    46    57    57    40    29    13    10     6
12842TAMPA,FL                        193902-202012    21    24    29    40    49    53    63    67    57    40    23    18    18
12843VERO BEACH,FL                   194211-202012    21    28    31    36    47    57    67    64    61    45    33    23    21
12844WEST PALM BEACH,FL              193807-202012    27    32    30    43    51    61    68    65    66    46    36    28    27
13873ATHENS,GA                       194406-202012    -4     5    11    26    37    45    55    54    36    24     7     2    -4
13874ATLANTA,GA                      193001-202012    -8     5    10    26    37    46    53    55    36    28     3     0    -8
03820AUGUSTA,GA                      194404-202012    -1     9    12    26    35    47    54    52    36    22    11     5    -1
93842COLUMBUS,GA                     194801-202012    -2    10    16    28    39    44    59    57    38    24    10     4    -2
03813MACON,GA                        194812-202012    -6     9    14    28    40    46    54    55    35    26    10     5    -6
03822SAVANNAH,GA                     194801-202012     3    14    20    28    39    51    61    57    43    28    15     9     3
21504HILO,HI                         194910-202012    54    53    54    58    59    61    62    63    61    62    58    55    53
22521HONOLULU,HI                     194006-202012    52    53    55    56    60    65    66    65    64    61    57    54    52
22516KAHULUI,HI                      195404-202012    48    50    51    54    56    58    58    60    59    58    55    52    48
22536LIHUE,HI                        195002-202012    50    52    51    56    58    61    62    66    65    61    57    52    50
24131BOISE,ID                        194001-202012   -17   -15     6    19    22    31    35    34    23    11    -3   -25   -25
24149LEWISTON,ID                     194801-202012   -22   -15     2    20    23    34    41    41    28    15    -3   -22   -22
24156POCATELLO,ID                    193901-202012   -31   -33   -12    12    20    28    34    30    19    -6   -14   -29   -33
94846CHICAGO,IL                      195811-202012   -27   -19    -8     7    24    36    40    41    28    17     1   -25   -27
14923MOLINE,IL                       194306-202012   -33   -28   -19     7    25    39    46    40    30    16    -9   -24   -33
14842PEORIA,IL                       194305-202012   -25   -19   -10    14    25    39    47    41    29    19    -2   -23   -25
94822ROCKFORD,IL                     195101-202012   -31   -24   -11     5    24    37    43    41    27    15   -10   -24   -31
93822SPRINGFIELD,IL                  190101-202012   -21   -24   -12    16    28    39    48    43    32    13    -3   -21   -24
93817EVANSVILLE,IN                   194801-202012   -21   -23    -9    23    28    41    49    43    33    21    -3   -15   -23
14827FORT WAYNE,IN                   193908-202012   -22   -18   -10     7    23    38    44    38    29    19    -1   -18   -22
93819INDIANAPOLIS,IN                 194801-202012   -27   -21    -7    18    27    37    48    41    32    20    -2   -23   -27
14848SOUTH BEND,IN                   189312-202012   -22   -20   -13    11    24    35    42    40    29    12    -7   -18   -22
14933DES MOINES,IA                   194507-202012   -24   -26   -22     9    28    41    47    40    28    14    -4   -22   -26
94908DUBUQUE,IA                      195102-202012   -31   -27   -20    11    21    36    44    40    28    13   -17   -25   -31
14943SIOUX CITY,IA                   194801-202012   -28   -26   -22    -2    25    39    42    37    25     8    -9   -24   -28
94910WATERLOO,IA                     195003-202012   -34   -31   -34    -4    22    38    42    33    22    11   -17   -29   -34
13984CONCORDIA,KS                    188505-202012   -33   -25   -11    12    24    41    46    41    29    14   -15   -26   -33
13985DODGE CITY,KS                   194801-202012   -13   -15   -15    14    25    41    46    47    29    10     0   -21   -21
23065GOODLAND,KS                     189507-202012   -26   -22   -20     0    21    31    40    38    19     0   -12   -27   -27
13996TOPEKA,KS                       194608-202012   -20   -23    -7    10    26    42    43    41    29    19     2   -26   -26
03928WICHITA,KS                      195312-202012   -12   -21    -2    15    31    43    51    48    31    18     1   -16   -21
03889JACKSON,KY                      198101-202012   -18    -8     7    20    30    44    52    45    34    26    13   -13   -18
93820LEXINGTON,KY                    187211-202012   -21   -20    -2    15    26    39    47    42    32    20    -3   -19   -21
93821LOUISVILLE,KY                   194801-202012   -22   -19    -1    22    31    42    50    46    33    23    -1   -15   -22
03816PADUCAH,KY                      194909-202012   -15   -14    -6    21    34    44    48    44    34    22    -3   -10   -15
13970BATON ROUGE,LA                  193001-202012     9    13    20    31    40    53    58    58    43    30    21     8     8
03937LAKE CHARLES,LA                 196111-202012    15    17    23    34    42    56    61    59    47    30    23    11    11
12916NEW ORLEANS,LA                  194801-202012    14    16    25    32    41    50    60    60    42    35    24    11    11
13957SHREVEPORT,LA                   193907-202012     3     2    15    31    39    52    58    53    42    28    16     5     2
14607CARIBOU,ME                      193902-202012   -37   -41   -28    -4    18    30    36    34    23    14    -8   -31   -41
14764PORTLAND,ME                     194012-202012   -26   -39   -21     8    23    33    40    33    23    15     3   -21   -39
93721BALTIMORE,MD                    193907-202012    -7    -3     4    20    32    40    50    45    35    25    13     0    -7
14753BLUE HILL,MA                    189301-202012   -14   -21    -5     6    27    36    44    39    28    20     5   -19   -21
14739BOSTON,MA                       193601-202012   -12   -14     1    16    34    41    50    46    37    25    12   -11   -14
94746WORCESTER,MA                    194806-202012   -19   -16    -6    11    28    36    43    38    30    20     6   -13   -19
94849ALPENA,MI                       191611-202011   -28   -37   -27    -7    20    27    34    29    23    12    -6   -27   -37
94847DETROIT,MI                      195901-202012   -21   -15    -4    10    25    36    41    38    29    17     7   -10   -21
14826FLINT,MI                        194805-202012   -25   -25   -16     6    22    33    40    37    26    19    -7   -18   -25
94860GRAND RAPIDS,MI                 196312-202012   -22   -19    -8     3    22    33    41    39    27    18     5   -18   -22
94814HOUGHTON LAKE,MI                196407-202011   -26   -34   -24     2    21    29    33    29    21    16    -5   -21   -34
14836LANSING,MI                      194801-202012   -29   -25   -15    -2    19    30    37    35    22    15    -5   -18   -29
14840MUSKEGON,MI                     189606-202012   -21   -30   -11     1    22    31    39    36    27    19   -14   -15   -30
14847SAULT STE. MARIE,MI             193101-202011   -36   -37   -28    -2    18    26    36    29    25    16   -10   -31   -37
14913DULUTH,MN                       194801-202012   -39   -39   -29    -5    17    27    35    32    23     8   -23   -34   -39
14918INTERNATIONAL FALLS,MN          190607-202012   -55   -48   -38   -14     8    23    32    27    19     2   -32   -41   -55
14922MINNEAPOLIS-ST.PAUL,MN          193805-202012   -34   -32   -32     2    18    34    43    39    26    13   -17   -29   -34
14925ROCHESTER,MN                    189303-202012   -40   -35   -31     5    21    31    40    32    22    10   -20   -33   -40
14926SAINT CLOUD,MN                  193911-202012   -43   -40   -32    -3    19    32    40    33    18     5   -20   -41   -43
03940JACKSON,MS                      196308-202012     2    10    15    27    36    47    51    54    35    26    17     4     2
13865MERIDIAN,MS                     194406-202012     0     8    15    28    38    42    54    53    34    24    16     2     0
93862TUPELO,MS                       196212-202012   -12     4     7    23    30    41    50    50    32    24    11    -3   -12
03945COLUMBIA,MO                     196911-202012   -19   -15    -5    19    29    40    48    42    32    22     0   -20   -20
03947KANSAS CITY,MO                  197210-202012   -17   -19   -10    12    30    42    51    43    31    17     1   -23   -23
13994ST. LOUIS,MO                    193804-202012   -18   -12    -5    22    31    43    51    47    32    22     1   -16   -18
13995SPRINGFIELD,MO                  194008-202012   -13   -17    -8    18    29    42    44    44    30    18     4   -16   -17
24033BILLINGS,MT                     194801-202012   -30   -28   -21     3    14    32    41    35    22    -7   -22   -32   -32
94008GLASGOW,MT                      194801-202012   -50   -38   -29    -4    17    30    41    33    15    -6   -26   -38   -50
24143GREAT FALLS,MT                  193704-202012   -37   -35   -32    -8    12    31    36    30    12   -11   -25   -43   -43
94012HAVRE,MT                        196102-202012   -52   -44   -32   -14    14    29    39    33    18   -21   -30   -50   -52
24144HELENA,MT                       193804-202012   -42   -42   -30     1    17    30    36    28    18    -8   -39   -38   -42
24146KALISPELL,MT                    189606-202012   -38   -36   -29    -5    17    26    30    30     7    -4   -28   -35   -38
24153MISSOULA,MT                     194801-202012   -33   -27   -13    14    21    30    31    30    20    -7   -23   -30   -33
14935GRAND ISLAND,NE                 193804-202012   -28   -21   -21     7    23    36    42    40    23     9   -11   -26   -28
14939LINCOLN,NE                      194801-202012   -33   -24   -19     3    24    39    45    39    26     8    -5   -27   -33
14941NORFOLK,NE                      194510-202012   -27   -26   -20     2    24    38    42    40    26    11   -15   -30   -30
24023NORTH PLATTE,NE                 194801-202012   -25   -22   -25     4    18    29    39    35    17     4   -13   -34   -34
14942OMAHA,NE                        194801-202012   -23   -21   -16     5    27    38    44    43    25    13    -9   -23   -23
24028SCOTTSBLUFF,NE                  189301-202012   -33   -46   -27    -8    12    30    35    30    14   -10   -21   -42   -46
24032VALENTINE,NE                    194801-202012   -30   -31   -29     3    18    30    38    34    17    -4   -22   -39   -39
24121ELKO,NV                         188802-202012   -43   -41   -15    -2    10    12    28    20     9     0   -16   -41   -43
23154ELY,NV                          189301-202012   -27   -30   -13    -5     7    18    28    24    15    -7   -20   -29   -30
23169LAS VEGAS,NV                    194810-202012     8    16    23    31    40    48    60    56    46    26    21    11     8
23185RENO,NV                         193703-202012   -16   -16     0    13    18    25    33    24    20     8     1   -16   -16
24128WINNEMUCCA,NV                   187707-202012   -36   -28    -3     6    10    23    29    26    12    -2   -10   -37   -37
14745CONCORD,NH                      193904-202012   -33   -37   -16     4    21    26    33    29    20    10    -5   -22   -37
14755MT. WASHINGTON,NH               194802-202009   -46   -42   -38   -20    -2    13    24    20     9    -2   -26   -41   -46
93730ATLANTIC CITY,NJ                195807-202012   -10   -11     2    12    25    37    42    40    32    20    10    -2   -11
14734NEWARK,NJ                       189301-202012   -10    -9     3    13    33    41    49    45    34    25    13   -13   -13
23050ALBUQUERQUE,NM                  193103-202012   -17    -7     8    18    28    40    52    50    35    19    -7    -7   -17
23051CLAYTON,NM                      189602-202012   -21   -18   -11     7    20    31    40    42    26     6   -10   -14   -21
23009ROSWELL,NM                      194901-202012   -19   -11     9    23    34    47    56    54    40    14     4    -8   -19
14735ALBANY,NY                       193806-202012   -28   -22   -21    10    26    35    40    34    24    16   -11   -22   -28
04725BINGHAMTON,NY                   195106-202012   -20   -18    -7     9    24    33    39    37    25    17     0   -18   -20
14733BUFFALO,NY                      193805-202012   -16   -20    -7    12    26    35    43    38    31    20     7   -10   -20
04781ISLIP,NY                        196310-202012    -8   -14     0    16    32    42    49    45    38    23    11    -1   -14
94728NEW YORK Central Park,NY        186901-202012    -6   -15     3    12    32    44    52    50    39    28     5   -13   -15
94789NEW YORK JFK AP,NY              194808-202012    -2    -2     7    20    34    45    55    46    40    30    15     2    -2
14732NEW YORK Laguardia AP,NY        193911-202012    -3    -7     7    22    36    46    56    51    42    30    17    -2    -7
14768ROCHESTER,NY                    192601-202012   -17   -22    -9    13    26    35    42    36    28    20     4   -16   -22
14771SYRACUSE,NY                     193805-202012   -26   -26   -16     9    25    34    44    38    25    18    -1   -26   -26
03812ASHEVILLE,NC                    194601-202012   -16    -2     2    20    27    35    44    42    28    16    -2    -7   -16
93729CAPE HATTERAS,NC                195703-202012     6    12    19    26    39    44    54    56    45    32    22    12     6
13881CHARLOTTE,NC                    193907-202012    -5     5     4    21    32    45    53    50    39    24    11     2    -5
13723GREENSBORO-WNSTN-SALM-HGHPT,NC  192811-202012    -8    -4     5    21    32    42    48    45    35    20    10     0    -8
13722RALEIGH,NC                      194406-202012    -9     0    11    23    29    38    48    46    37    19    11     4    -9
13748WILMINGTON,NC                   194801-202012     5    11     9    29    35    48    55    55    44    27    16     0     0
24011BISMARCK,ND                     194801-202012   -44   -43   -31   -12    15    30    35    33    11   -10   -30   -43   -44
14914FARGO,ND                        189106-202012   -36   -39   -34    -7    17    30    36    31    19     5   -28   -32   -39
14916GRAND FORKS,ND                  194104-202012   -43   -40   -38    -8     5    30    30    31    18     6   -31   -32   -43
94014WILLISTON,ND                    189401-201911   -42   -50   -35   -15    10    26    34    32    13    -9   -27   -50   -50
14895AKRON,OH                        194807-202012   -25   -13    -3    10    24    32    43    41    32    20    -1   -16   -25
93814CINCINNATI,OH                   194801-202012   -25   -15   -11    15    27    39    47    43    31    16     0   -20   -25
14820CLEVELAND,OH                    193805-202012   -20   -17    -5    10    25    31    41    38    32    19     3   -15   -20
14821COLUMBUS,OH                     194801-202012   -22   -13    -6    14    25    35    43    39    31    17    -4   -17   -22
93815DAYTON,OH                       194801-202012   -25   -16    -7    15    26    40    44    40    32    21    -2   -20   -25
14891MANSFIELD,OH                    194812-202012   -22   -11    -6     8    25    37    43    40    33    20     2   -17   -22
94830TOLEDO,OH                       195501-202012   -20   -19    -6     8    25    32    40    34    26    15     2   -19   -20
14852YOUNGSTOWN,OH                   193408-202012   -22   -16   -10    11    24    30    40    32    27    20     1   -12   -22
13967OKLAHOMA CITY,OK                194801-202012    -4    -5     1    20    32    47    53    50    36    16    11    -8    -8
13968TULSA,OK                        193812-202012    -6   -12    -3    22    35    49    51    50    35    18    10    -8   -12
94224ASTORIA,OR                      195302-202012    11     9    22    29    30    37    39    39    33    26    15     6     6
94185BURNS,OR                        197306-202012   -27   -28   -14    10    13    21    25    22    17    -7   -15   -30   -30
24221EUGENE,OR                       193806-202012    -4    -3    20    27    28    32    38    38    31    17    12   -10   -10
24225MEDFORD,OR                      192801-202012    -3     6    16    21    28    31    38    39    29    18    10    -6    -6
24155PENDLETON,OR                    192801-202012   -20   -18     1    18    25    35    38    40    29    11   -12   -19   -20
24229PORTLAND,OR                     193804-202012    -2    -3    19    29    29    39    43    44    34    26    13     6    -3
24232SALEM,OR                        189301-202012   -10    -4    12    23    25    32    35    30    26    19     9    -5   -10
24235SEXTON SUMMIT,OR                194801-202012    -2     3    15    19    22    27    36    38    30    20    11    -4    -4
14737ALLENTOWN,PA                    194801-202012   -15    -8    -1    16    29    39    46    41    31    21    11    -8   -15
14860ERIE,PA                         192601-202012   -18   -18    -9    12    26    32    44    37    33    24     6    -6   -18
14711MIDDLETOWN/HARRISBURG,PA        194101-202012   -22    -6    -1    24    30    42    46    44    33    26    15    -9   -22
13739PHILADELPHIA,PA                 194007-202012    -7    -4     7    19    28    44    51    44    35    25    15     1    -7
94823PITTSBURGH,PA                   194801-202012   -22   -12    -5    14    26    34    42    39    31    16    -1   -12   -22
14777AVOCA,PA                        194901-202012   -21   -16    -4    14    27    34    43    38    29    19     5    -9   -21
14778WILLIAMSPORT,PA                 194805-202012   -20   -13    -2    15    28    36    43    38    30    20     8   -15   -20
14765PROVIDENCE,RI                   194801-202012   -13    -9     1    14    29    41    48    40    32    20     6   -10   -13
13782CHARLESTON,SC                   189301-202012    10     7    22    36    45    49    61    59    50    37    17    12     7
13883COLUMBIA,SC                     194801-202012    -1     5     4    26    34    44    54    53    40    23    12     4    -1
03870GREENVILLE-SPARTANBURG,SC       196211-202012    -6     8    11    24    31    40    54    52    36    25    12     5    -6
14929ABERDEEN,SD                     189301-202012   -46   -46   -32    -6    13    28    35    30    11    -6   -27   -39   -46
14936HURON,SD                        188107-202012   -43   -41   -25    -2    16    31    37    33    18    -6   -28   -34   -43
24090RAPID CITY,SD                   194805-202012   -27   -31   -21    -1    18    31    39    37    18    -7   -19   -30   -31
14944SIOUX FALLS,SD                  193201-202012   -36   -31   -23     4    17    33    38    34    22     9   -17   -28   -36
13877BRISTOL-JHNSN CTY-KNGSPRT,TN    193710-202012   -21   -15    -2    21    30    38    45    43    33    20     5    -9   -21
13882CHATTANOOGA,TN                  193804-202012   -13     1     8    25    34    41    51    50    36    22     4    -2   -13
13891KNOXVILLE,TN                    191001-202012   -24    -8     1    22    32    43    49    49    36    24     5    -6   -24
13893MEMPHIS,TN                      194002-202012    -4   -11    12    28    36    48    52    48    36    25     9   -13   -13
13897NASHVILLE,TN                    194801-202012   -17   -13     2    23    34    42    54    49    36    26    -1   -10   -17
03841OAK RIDGE,TN                    194808-202012   -17   -13     1    20    30    39    49    50    33    21     0    -7   -17
13962ABILENE,TX                      194801-202012    -1    -7     9    25    33    47    57    50    38    20    14    -7    -7
23047AMARILLO,TX                     194701-202012   -11   -14    -3    17    27    41    51    48    30    12     0    -8   -14
13958AUSTIN,TX                       193806-202012    -2     7    18    31    43    53    62    60    41    30    20     4    -2
12919BROWNSVILLE,TX                  189812-202012    19    22    28    37    50    56    62    62    51    35    27    15    15
12924CORPUS CHRISTI,TX               194801-202012    14    18    24    33    47    58    64    64    51    28    27    13    13
13960DALLAS,TX                       193908-202012     0     7    11    31    39    53    60    56    36    27    17     1     0
22010DEL RIO,TX                      195105-202012    15    14    21    33    45    55    64    64    48    28    22    10    10
23044EL PASO,TX                      193804-202012    -8     1    14    21    31    46    57    56    41    25     1     5    -8
12923GALVESTON,TX                    194608-202012    17    18    32    41    50    60    67    70    58    45    29    23    17
12960HOUSTON,TX                      196906-202012    12    20    22    31    42    52    62    60    48    29    19     7     7
23042LUBBOCK,TX                      194701-202012   -16    -8     2    22    27    44    51    51    33    16    -1    -2   -16
23023MIDLAND-ODESSA,TX               193006-202012    -8   -11     9    20    32    47    49    52    36    16    10    -1   -11
12917PORT ARTHUR,TX                  194710-202012    14    13    23    32    42    56    61    60    45    30    22    12    12
23034SAN ANGELO,TX                   190708-202012     1    -1     8    23    35    42    54    45    35    19    12    -4    -4
12921SAN ANTONIO,TX                  194609-202012     0     6    19    31    42    53    62    61    46    27    21     6     0
12912VICTORIA,TX                     195303-202012    14    19    21    33    45    59    62    62    48    31    24     9     9
13959WACO,TX                         194101-202012    -5     4    15    26    34    52    58    53    39    25    17    -4    -5
13966WICHITA FALLS,TX                190701-202012   -12    -8     6    24    35    50    54    53    38    21    14    -7   -12
24127SALT LAKE CITY,UT               194801-202012   -22   -14     2    15    25    35    40    37    27    14   -14   -15   -22
14742BURLINGTON,VT                   194012-202012   -30   -30   -20     2    24    33    39    35    25    15    -2   -26   -30
13733LYNCHBURG,VA                    194408-202012   -10   -11     5    20    30    40    49    45    35    21     8    -4   -11
13737NORFOLK,VA                      194601-202012    -3     8    18    28    36    45    54    49    45    27    20     7    -3
13740RICHMOND,VA                     193903-202012   -12    -8    10    23    31    40    51    47    35    21    14     1   -12
13741ROANOKE,VA                      194801-202012   -11    -1     9    20    31    39    47    42    34    22     9    -4   -11
93739WALLOPS ISLAND,VA               196610-202012     0    -1    14    26    33    43    53    48    43    29    19     4    -1
24227OLYMPIA,WA                      194106-202012    -8    -1     9    23    25    30    35    33    25    14    -1    -7    -8
94240QUILLAYUTE,WA                   196608-202012     7    11    19    23    29    33    38    36    28    23     5     7     5
24233SEATTLE,WA                      194801-202012     0     1    11    29    28    38    43    44    35    28     6     6     0
24157SPOKANE,WA                      188908-202012   -24   -24   -10    14    24    33    37    35    22     7   -21   -25   -25
24160WALLA WALLA,WA                  194901-202012   -18    -9     4    20    26    36    40    42    32    15   -11   -24   -24
24243YAKIMA,WA                       194610-202012   -21   -25    -1    18    25    30    34    35    24     4   -13   -17   -25
03872BECKLEY,WV                      196306-202012   -22   -16    -5    11    23    32    41    36    30    18     4   -18   -22
13866CHARLESTON,WV                   194712-202012   -16   -12     0    19    26    33    46    41    34    17     6   -12   -16
13729ELKINS,WV                       192601-202012   -24   -22   -15     3    20    25    32    34    26    11    -8   -24   -24
03860HUNTINGTON,WV                   196101-202012   -21   -16    -2    20    27    40    46    43    31    16     8   -13   -21
14898GREEN BAY,WI                    188609-202012   -36   -33   -29     7    21    32    40    38    24     8   -12   -27   -36
14920LA CROSSE,WI                    193804-202012   -37   -36   -28     7    26    32    41    36    23    14   -16   -30   -37
14837MADISON,WI                      193910-202011   -37   -29   -29     0    19    31    36    35    25    13    -8   -25   -37
14839MILWAUKEE,WI                    193804-202011   -26   -26   -10    12    21    33    40    44    28    18    -5   -20   -26
24089CASPER,WY                       194808-202012   -40   -32   -21    -6    16    25    30    29    16    -9   -27   -41   -41
24018CHEYENNE,WY                     191501-202012   -30   -34   -21    -8     9    25    33    36     8    -1   -21   -28   -34
24021LANDER,WY                       194801-202012   -37   -28   -16    -2    18    25    39    35    10   -10   -18   -37   -37
24029SHERIDAN,WY                     194801-202012   -35   -32   -23    -2    13    27    35    30     6   -10   -25   -37   -37
41415GUAM,PC                         195703-202012    56    59    54    59    62    63    64    63    61    64    62    61    54
40309KOROR,PC                        195107-202012    69    71    69    69    71    71    70    70    70    71    70    71    69
40604KWAJALEIN- MARSHALL IS.,PC      195205-202010    68    71    70    71    71    71    70    71    68    71    70    69    68
40710MAJURO- MARSHALL IS,PC          195502-202012    69    70    70    70    70    70    70    71    70    70    68    70    68
61705PAGO PAGO- AMER SAMOA,PC        196604-202011    69    70    69    68    66    65    64    64    63    67    68    68    63
40504POHNPEI- CAROLINE IS.,PC        195107-202012    61    63    65    61    67    67    66    63    62    65    64    65    61
40505CHUUK- E. CAROLINE IS.,PC       195107-202012    68    67    68    68    67    68    67    69    67    64    66    69    64
40308YAP- W CAROLINE IS.,PC          195107-202012    67    66    64    66    67    65    66    65    66    66    63    65    63
11641SAN JUAN,PR                     195601-202012    61    62    60    64    66    69    69    70    69    67    66    63    60
